INSERT (72,83)
INSERT (-53,-72)
INSERT (17,-66)
INSERT (92,28)
INSERT (-33,28)
INSERT (95,64)
INSERT (3,-47)
INSERT (-91,33)
INSERT (-79,-62)
INSERT (-64,-83)
INSERT (-13,-21)
INSERT (-30,32)
INSERT (-12,5)
INSERT (40,-58)
INSERT (-42,86)
INSERT (93,-69)
INSERT (-61,20)
INSERT (-13,-99)
INSERT (74,-35)
INSERT (-12,69)
INSERT (-19,-43)
INSERT (65,-65)
INSERT (-75,2)
INSERT (-23,19)
INSERT (-28,-89)
INSERT (-91,74)
INSERT (48,-18)
INSERT (15,-9)
INSERT (97,28)
INSERT (-21,42)
INSERT (75,-1)
INSERT (92,-47)
INSERT (-18,40)
INSERT (-1,21)
INSERT (77,70)
INSERT (-71,-16)
INSERT (47,-32)
INSERT (47,-94)
INSERT (42,96)
INSERT (67,-53)
INSERT (-68,27)
INSERT (93,31)
INSERT (-91,0)
INSERT (85,80)
INSERT (27,-22)
INSERT (-68,43)
INSERT (-69,48)
INSERT (51,86)
INSERT (63,-77)
INSERT (14,41)
FIND (72,83)
FIND (-53,-72)
FIND (17,-66)
FIND (92,28)
FIND (-33,28)
FIND (95,64)
FIND (3,-47)
FIND (-91,33)
FIND (-79,-62)
FIND (-64,-83)
FIND (-13,-21)
FIND (-30,32)
FIND (-12,5)
FIND (40,-58)
FIND (-42,86)
FIND (93,-69)
FIND (-61,20)
FIND (-13,-99)
FIND (74,-35)
FIND (-12,69)
FIND (-19,-43)
FIND (65,-65)
FIND (-75,2)
FIND (-23,19)
FIND (-28,-89)
FIND (-91,74)
FIND (48,-18)
FIND (15,-9)
FIND (97,28)
FIND (-21,42)
FIND (75,-1)
FIND (92,-47)
FIND (-18,40)
FIND (-1,21)
FIND (77,70)
FIND (-71,-16)
FIND (47,-32)
FIND (47,-94)
FIND (42,96)
FIND (67,-53)
FIND (-68,27)
FIND (93,31)
FIND (-91,0)
FIND (85,80)
FIND (27,-22)
FIND (-68,43)
FIND (-69,48)
FIND (51,86)
FIND (63,-77)
FIND (14,41)
FIND (17,-15)
FIND (-52,-51)
FIND (-31,69)
FIND (63,92)
FIND (-5,97)
FIND (-6,-100)
FIND (13,78)
FIND (-64,62)
FIND (-52,-7)
FIND (31,-2)
FIND (-58,12)
FIND (49,27)
FIND (-100,38)
FIND (14,-57)
FIND (86,27)
FIND (-77,87)
FIND (30,21)
FIND (-2,-38)
FIND (63,23)
FIND (95,-18)
FIND (74,48)
FIND (-50,55)
FIND (-86,-59)
FIND (-42,93)
FIND (-64,-90)
FIND (-14,-57)
FIND (4,-89)
FIND (-98,-49)
FIND (-20,-68)
FIND (82,28)
FIND (-62,-81)
FIND (74,-58)
FIND (15,84)
FIND (88,-23)
FIND (-70,-76)
FIND (25,-98)
FIND (-97,-6)
FIND (7,-87)
FIND (12,-60)
FIND (-28,-81)
FIND (-5,-28)
FIND (54,94)
FIND (80,-33)
FIND (-39,-86)
FIND (-4,-96)
FIND (95,39)
FIND (-14,21)
FIND (9,-25)
FIND (84,-84)
FIND (52,57)
FIND (49,10)
FIND (-75,88)
FIND (21,18)
FIND (17,89)
FIND (-17,61)
FIND (4,60)
FIND (21,-30)
FIND (-69,-87)
FIND (-29,84)
FIND (52,-21)
FIND (-59,-82)
FIND (-60,82)
FIND (-89,66)
FIND (11,-7)
FIND (29,18)
FIND (-56,25)
FIND (-76,-33)
FIND (-97,-65)
FIND (89,97)
FIND (-57,-68)
FIND (-89,4)
FIND (38,82)
FIND (65,25)
FIND (56,11)
FIND (-98,-73)
FIND (51,-47)
FIND (-49,74)
FIND (48,81)
FIND (-71,-33)
FIND (-65,-61)
FIND (37,-27)
FIND (-59,51)
FIND (31,-54)
FIND (78,8)
FIND (-97,-69)
FIND (-91,38)
FIND (-73,73)
FIND (99,67)
FIND (-39,-15)
FIND (-3,-56)
FIND (-66,62)
FIND (-12,-67)
FIND (33,-64)
FIND (-100,-66)
FIND (97,26)
FIND (81,-20)
FIND (90,36)
FIND (89,29)
FIND (12,-65)
FIND (20,-9)
RANGE (-91,0,-91,33)
RANGE (-91,0,-91,74)
RANGE (-91,0,-79,-62)
RANGE (-91,0,-75,2)
RANGE (-91,0,-71,-16)
RANGE (-91,0,-69,48)
RANGE (-91,0,-68,27)
RANGE (-91,0,-68,43)
RANGE (-91,0,-64,-83)
RANGE (-91,0,-61,20)
RANGE (-91,0,-53,-72)
RANGE (-91,0,-42,86)
RANGE (-91,0,-33,28)
RANGE (-91,0,-30,32)
RANGE (-91,0,-28,-89)
RANGE (-91,0,-23,19)
RANGE (-91,0,-21,42)
RANGE (-91,0,-19,-43)
RANGE (-91,0,-18,40)
RANGE (-91,0,-13,-99)
RANGE (-91,0,-13,-21)
RANGE (-91,0,-12,5)
RANGE (-91,0,-12,69)
RANGE (-91,0,-1,21)
RANGE (-91,0,3,-47)
RANGE (-91,0,14,41)
RANGE (-91,0,15,-9)
RANGE (-91,0,17,-66)
RANGE (-91,0,27,-22)
RANGE (-91,0,40,-58)
RANGE (-91,0,42,96)
RANGE (-91,0,47,-94)
RANGE (-91,0,47,-32)
RANGE (-91,0,48,-18)
RANGE (-91,0,51,86)
RANGE (-91,0,63,-77)
RANGE (-91,0,65,-65)
RANGE (-91,0,67,-53)
RANGE (-91,0,72,83)
RANGE (-91,0,74,-35)
RANGE (-91,0,75,-1)
RANGE (-91,0,77,70)
RANGE (-91,0,85,80)
RANGE (-91,0,92,-47)
RANGE (-91,0,92,28)
RANGE (-91,0,93,-69)
RANGE (-91,0,93,31)
RANGE (-91,0,95,64)
RANGE (-91,0,97,28)
RANGE (-91,33,-91,74)
RANGE (-91,33,-79,-62)
RANGE (-91,33,-75,2)
RANGE (-91,33,-71,-16)
RANGE (-91,33,-69,48)
RANGE (-91,33,-68,27)
RANGE (-91,33,-68,43)
RANGE (-91,33,-64,-83)
RANGE (-91,33,-61,20)
RANGE (-91,33,-53,-72)
RANGE (-91,33,-42,86)
RANGE (-91,33,-33,28)
RANGE (-91,33,-30,32)
RANGE (-91,33,-28,-89)
RANGE (-91,33,-23,19)
RANGE (-91,33,-21,42)
RANGE (-91,33,-19,-43)
RANGE (-91,33,-18,40)
RANGE (-91,33,-13,-99)
RANGE (-91,33,-13,-21)
RANGE (-91,33,-12,5)
RANGE (-91,33,-12,69)
RANGE (-91,33,-1,21)
RANGE (-91,33,3,-47)
RANGE (-91,33,14,41)
RANGE (-91,33,15,-9)
RANGE (-91,33,17,-66)
RANGE (-91,33,27,-22)
RANGE (-91,33,40,-58)
RANGE (-91,33,42,96)
RANGE (-91,33,47,-94)
RANGE (-91,33,47,-32)
RANGE (-91,33,48,-18)
RANGE (-91,33,51,86)
RANGE (-91,33,63,-77)
RANGE (-91,33,65,-65)
RANGE (-91,33,67,-53)
RANGE (-91,33,72,83)
RANGE (-91,33,74,-35)
RANGE (-91,33,75,-1)
RANGE (-91,33,77,70)
RANGE (-91,33,85,80)
RANGE (-91,33,92,-47)
RANGE (-91,33,92,28)
RANGE (-91,33,93,-69)
RANGE (-91,33,93,31)
RANGE (-91,33,95,64)
RANGE (-91,33,97,28)
RANGE (-91,74,-79,-62)
RANGE (-91,74,-75,2)
RANGE (-91,74,-71,-16)
RANGE (-91,74,-69,48)
RANGE (-91,74,-68,27)
RANGE (-91,74,-68,43)
RANGE (-91,74,-64,-83)
RANGE (-91,74,-61,20)
RANGE (-91,74,-53,-72)
RANGE (-91,74,-42,86)
RANGE (-91,74,-33,28)
RANGE (-91,74,-30,32)
RANGE (-91,74,-28,-89)
RANGE (-91,74,-23,19)
RANGE (-91,74,-21,42)
RANGE (-91,74,-19,-43)
RANGE (-91,74,-18,40)
RANGE (-91,74,-13,-99)
RANGE (-91,74,-13,-21)
RANGE (-91,74,-12,5)
RANGE (-91,74,-12,69)
RANGE (-91,74,-1,21)
RANGE (-91,74,3,-47)
RANGE (-91,74,14,41)
RANGE (-91,74,15,-9)
RANGE (-91,74,17,-66)
RANGE (-91,74,27,-22)
RANGE (-91,74,40,-58)
RANGE (-91,74,42,96)
RANGE (-91,74,47,-94)
RANGE (-91,74,47,-32)
RANGE (-91,74,48,-18)
RANGE (-91,74,51,86)
RANGE (-91,74,63,-77)
RANGE (-91,74,65,-65)
RANGE (-91,74,67,-53)
RANGE (-91,74,72,83)
RANGE (-91,74,74,-35)
RANGE (-91,74,75,-1)
RANGE (-91,74,77,70)
RANGE (-91,74,85,80)
RANGE (-91,74,92,-47)
RANGE (-91,74,92,28)
RANGE (-91,74,93,-69)
RANGE (-91,74,93,31)
RANGE (-91,74,95,64)
RANGE (-91,74,97,28)
RANGE (-79,-62,-75,2)
RANGE (-79,-62,-71,-16)
RANGE (-79,-62,-69,48)
RANGE (-79,-62,-68,27)
RANGE (-79,-62,-68,43)
RANGE (-79,-62,-64,-83)
RANGE (-79,-62,-61,20)
RANGE (-79,-62,-53,-72)
RANGE (-79,-62,-42,86)
RANGE (-79,-62,-33,28)
RANGE (-79,-62,-30,32)
RANGE (-79,-62,-28,-89)
RANGE (-79,-62,-23,19)
RANGE (-79,-62,-21,42)
RANGE (-79,-62,-19,-43)
RANGE (-79,-62,-18,40)
RANGE (-79,-62,-13,-99)
RANGE (-79,-62,-13,-21)
RANGE (-79,-62,-12,5)
RANGE (-79,-62,-12,69)
RANGE (-79,-62,-1,21)
RANGE (-79,-62,3,-47)
RANGE (-79,-62,14,41)
RANGE (-79,-62,15,-9)
RANGE (-79,-62,17,-66)
RANGE (-79,-62,27,-22)
RANGE (-79,-62,40,-58)
RANGE (-79,-62,42,96)
RANGE (-79,-62,47,-94)
RANGE (-79,-62,47,-32)
RANGE (-79,-62,48,-18)
RANGE (-79,-62,51,86)
RANGE (-79,-62,63,-77)
RANGE (-79,-62,65,-65)
RANGE (-79,-62,67,-53)
RANGE (-79,-62,72,83)
RANGE (-79,-62,74,-35)
RANGE (-79,-62,75,-1)
RANGE (-79,-62,77,70)
RANGE (-79,-62,85,80)
RANGE (-79,-62,92,-47)
RANGE (-79,-62,92,28)
RANGE (-79,-62,93,-69)
RANGE (-79,-62,93,31)
RANGE (-79,-62,95,64)
RANGE (-79,-62,97,28)
RANGE (-75,2,-71,-16)
RANGE (-75,2,-69,48)
RANGE (-75,2,-68,27)
RANGE (-75,2,-68,43)
RANGE (-75,2,-64,-83)
RANGE (-75,2,-61,20)
RANGE (-75,2,-53,-72)
RANGE (-75,2,-42,86)
RANGE (-75,2,-33,28)
RANGE (-75,2,-30,32)
RANGE (-75,2,-28,-89)
RANGE (-75,2,-23,19)
RANGE (-75,2,-21,42)
RANGE (-75,2,-19,-43)
RANGE (-75,2,-18,40)
RANGE (-75,2,-13,-99)
RANGE (-75,2,-13,-21)
RANGE (-75,2,-12,5)
RANGE (-75,2,-12,69)
RANGE (-75,2,-1,21)
RANGE (-75,2,3,-47)
RANGE (-75,2,14,41)
RANGE (-75,2,15,-9)
RANGE (-75,2,17,-66)
RANGE (-75,2,27,-22)
RANGE (-75,2,40,-58)
RANGE (-75,2,42,96)
RANGE (-75,2,47,-94)
RANGE (-75,2,47,-32)
RANGE (-75,2,48,-18)
RANGE (-75,2,51,86)
RANGE (-75,2,63,-77)
RANGE (-75,2,65,-65)
RANGE (-75,2,67,-53)
RANGE (-75,2,72,83)
RANGE (-75,2,74,-35)
RANGE (-75,2,75,-1)
RANGE (-75,2,77,70)
RANGE (-75,2,85,80)
RANGE (-75,2,92,-47)
RANGE (-75,2,92,28)
RANGE (-75,2,93,-69)
RANGE (-75,2,93,31)
RANGE (-75,2,95,64)
RANGE (-75,2,97,28)
RANGE (-71,-16,-69,48)
RANGE (-71,-16,-68,27)
RANGE (-71,-16,-68,43)
RANGE (-71,-16,-64,-83)
RANGE (-71,-16,-61,20)
RANGE (-71,-16,-53,-72)
RANGE (-71,-16,-42,86)
RANGE (-71,-16,-33,28)
RANGE (-71,-16,-30,32)
RANGE (-71,-16,-28,-89)
RANGE (-71,-16,-23,19)
RANGE (-71,-16,-21,42)
RANGE (-71,-16,-19,-43)
RANGE (-71,-16,-18,40)
RANGE (-71,-16,-13,-99)
RANGE (-71,-16,-13,-21)
RANGE (-71,-16,-12,5)
RANGE (-71,-16,-12,69)
RANGE (-71,-16,-1,21)
RANGE (-71,-16,3,-47)
RANGE (-71,-16,14,41)
RANGE (-71,-16,15,-9)
RANGE (-71,-16,17,-66)
RANGE (-71,-16,27,-22)
RANGE (-71,-16,40,-58)
RANGE (-71,-16,42,96)
RANGE (-71,-16,47,-94)
RANGE (-71,-16,47,-32)
RANGE (-71,-16,48,-18)
RANGE (-71,-16,51,86)
RANGE (-71,-16,63,-77)
RANGE (-71,-16,65,-65)
RANGE (-71,-16,67,-53)
RANGE (-71,-16,72,83)
RANGE (-71,-16,74,-35)
RANGE (-71,-16,75,-1)
RANGE (-71,-16,77,70)
RANGE (-71,-16,85,80)
RANGE (-71,-16,92,-47)
RANGE (-71,-16,92,28)
RANGE (-71,-16,93,-69)
RANGE (-71,-16,93,31)
RANGE (-71,-16,95,64)
RANGE (-71,-16,97,28)
RANGE (-69,48,-68,27)
RANGE (-69,48,-68,43)
RANGE (-69,48,-64,-83)
RANGE (-69,48,-61,20)
RANGE (-69,48,-53,-72)
RANGE (-69,48,-42,86)
RANGE (-69,48,-33,28)
RANGE (-69,48,-30,32)
RANGE (-69,48,-28,-89)
RANGE (-69,48,-23,19)
RANGE (-69,48,-21,42)
RANGE (-69,48,-19,-43)
RANGE (-69,48,-18,40)
RANGE (-69,48,-13,-99)
RANGE (-69,48,-13,-21)
RANGE (-69,48,-12,5)
RANGE (-69,48,-12,69)
RANGE (-69,48,-1,21)
RANGE (-69,48,3,-47)
RANGE (-69,48,14,41)
RANGE (-69,48,15,-9)
RANGE (-69,48,17,-66)
RANGE (-69,48,27,-22)
RANGE (-69,48,40,-58)
RANGE (-69,48,42,96)
RANGE (-69,48,47,-94)
RANGE (-69,48,47,-32)
RANGE (-69,48,48,-18)
RANGE (-69,48,51,86)
RANGE (-69,48,63,-77)
RANGE (-69,48,65,-65)
RANGE (-69,48,67,-53)
RANGE (-69,48,72,83)
RANGE (-69,48,74,-35)
RANGE (-69,48,75,-1)
RANGE (-69,48,77,70)
RANGE (-69,48,85,80)
RANGE (-69,48,92,-47)
RANGE (-69,48,92,28)
RANGE (-69,48,93,-69)
RANGE (-69,48,93,31)
RANGE (-69,48,95,64)
RANGE (-69,48,97,28)
RANGE (-68,27,-68,43)
RANGE (-68,27,-64,-83)
RANGE (-68,27,-61,20)
RANGE (-68,27,-53,-72)
RANGE (-68,27,-42,86)
RANGE (-68,27,-33,28)
RANGE (-68,27,-30,32)
RANGE (-68,27,-28,-89)
RANGE (-68,27,-23,19)
RANGE (-68,27,-21,42)
RANGE (-68,27,-19,-43)
RANGE (-68,27,-18,40)
RANGE (-68,27,-13,-99)
RANGE (-68,27,-13,-21)
RANGE (-68,27,-12,5)
RANGE (-68,27,-12,69)
RANGE (-68,27,-1,21)
RANGE (-68,27,3,-47)
RANGE (-68,27,14,41)
RANGE (-68,27,15,-9)
RANGE (-68,27,17,-66)
RANGE (-68,27,27,-22)
RANGE (-68,27,40,-58)
RANGE (-68,27,42,96)
RANGE (-68,27,47,-94)
RANGE (-68,27,47,-32)
RANGE (-68,27,48,-18)
RANGE (-68,27,51,86)
RANGE (-68,27,63,-77)
RANGE (-68,27,65,-65)
RANGE (-68,27,67,-53)
RANGE (-68,27,72,83)
RANGE (-68,27,74,-35)
RANGE (-68,27,75,-1)
RANGE (-68,27,77,70)
RANGE (-68,27,85,80)
RANGE (-68,27,92,-47)
RANGE (-68,27,92,28)
RANGE (-68,27,93,-69)
RANGE (-68,27,93,31)
RANGE (-68,27,95,64)
RANGE (-68,27,97,28)
RANGE (-68,43,-64,-83)
RANGE (-68,43,-61,20)
RANGE (-68,43,-53,-72)
RANGE (-68,43,-42,86)
RANGE (-68,43,-33,28)
RANGE (-68,43,-30,32)
RANGE (-68,43,-28,-89)
RANGE (-68,43,-23,19)
RANGE (-68,43,-21,42)
RANGE (-68,43,-19,-43)
RANGE (-68,43,-18,40)
RANGE (-68,43,-13,-99)
RANGE (-68,43,-13,-21)
RANGE (-68,43,-12,5)
RANGE (-68,43,-12,69)
RANGE (-68,43,-1,21)
RANGE (-68,43,3,-47)
RANGE (-68,43,14,41)
RANGE (-68,43,15,-9)
RANGE (-68,43,17,-66)
RANGE (-68,43,27,-22)
RANGE (-68,43,40,-58)
RANGE (-68,43,42,96)
RANGE (-68,43,47,-94)
RANGE (-68,43,47,-32)
RANGE (-68,43,48,-18)
RANGE (-68,43,51,86)
RANGE (-68,43,63,-77)
RANGE (-68,43,65,-65)
RANGE (-68,43,67,-53)
RANGE (-68,43,72,83)
RANGE (-68,43,74,-35)
RANGE (-68,43,75,-1)
RANGE (-68,43,77,70)
RANGE (-68,43,85,80)
RANGE (-68,43,92,-47)
RANGE (-68,43,92,28)
RANGE (-68,43,93,-69)
RANGE (-68,43,93,31)
RANGE (-68,43,95,64)
RANGE (-68,43,97,28)
RANGE (-64,-83,-61,20)
RANGE (-64,-83,-53,-72)
RANGE (-64,-83,-42,86)
RANGE (-64,-83,-33,28)
RANGE (-64,-83,-30,32)
RANGE (-64,-83,-28,-89)
RANGE (-64,-83,-23,19)
RANGE (-64,-83,-21,42)
RANGE (-64,-83,-19,-43)
RANGE (-64,-83,-18,40)
RANGE (-64,-83,-13,-99)
RANGE (-64,-83,-13,-21)
RANGE (-64,-83,-12,5)
RANGE (-64,-83,-12,69)
RANGE (-64,-83,-1,21)
RANGE (-64,-83,3,-47)
RANGE (-64,-83,14,41)
RANGE (-64,-83,15,-9)
RANGE (-64,-83,17,-66)
RANGE (-64,-83,27,-22)
RANGE (-64,-83,40,-58)
RANGE (-64,-83,42,96)
RANGE (-64,-83,47,-94)
RANGE (-64,-83,47,-32)
RANGE (-64,-83,48,-18)
RANGE (-64,-83,51,86)
RANGE (-64,-83,63,-77)
RANGE (-64,-83,65,-65)
RANGE (-64,-83,67,-53)
RANGE (-64,-83,72,83)
RANGE (-64,-83,74,-35)
RANGE (-64,-83,75,-1)
RANGE (-64,-83,77,70)
RANGE (-64,-83,85,80)
RANGE (-64,-83,92,-47)
RANGE (-64,-83,92,28)
RANGE (-64,-83,93,-69)
RANGE (-64,-83,93,31)
RANGE (-64,-83,95,64)
RANGE (-64,-83,97,28)
RANGE (-61,20,-53,-72)
RANGE (-61,20,-42,86)
RANGE (-61,20,-33,28)
RANGE (-61,20,-30,32)
RANGE (-61,20,-28,-89)
RANGE (-61,20,-23,19)
RANGE (-61,20,-21,42)
RANGE (-61,20,-19,-43)
RANGE (-61,20,-18,40)
RANGE (-61,20,-13,-99)
RANGE (-61,20,-13,-21)
RANGE (-61,20,-12,5)
RANGE (-61,20,-12,69)
RANGE (-61,20,-1,21)
RANGE (-61,20,3,-47)
RANGE (-61,20,14,41)
RANGE (-61,20,15,-9)
RANGE (-61,20,17,-66)
RANGE (-61,20,27,-22)
RANGE (-61,20,40,-58)
RANGE (-61,20,42,96)
RANGE (-61,20,47,-94)
RANGE (-61,20,47,-32)
RANGE (-61,20,48,-18)
RANGE (-61,20,51,86)
RANGE (-61,20,63,-77)
RANGE (-61,20,65,-65)
RANGE (-61,20,67,-53)
RANGE (-61,20,72,83)
RANGE (-61,20,74,-35)
RANGE (-61,20,75,-1)
RANGE (-61,20,77,70)
RANGE (-61,20,85,80)
RANGE (-61,20,92,-47)
RANGE (-61,20,92,28)
RANGE (-61,20,93,-69)
RANGE (-61,20,93,31)
RANGE (-61,20,95,64)
RANGE (-61,20,97,28)
RANGE (-53,-72,-42,86)
RANGE (-53,-72,-33,28)
RANGE (-53,-72,-30,32)
RANGE (-53,-72,-28,-89)
RANGE (-53,-72,-23,19)
RANGE (-53,-72,-21,42)
RANGE (-53,-72,-19,-43)
RANGE (-53,-72,-18,40)
RANGE (-53,-72,-13,-99)
RANGE (-53,-72,-13,-21)
RANGE (-53,-72,-12,5)
RANGE (-53,-72,-12,69)
RANGE (-53,-72,-1,21)
RANGE (-53,-72,3,-47)
RANGE (-53,-72,14,41)
RANGE (-53,-72,15,-9)
RANGE (-53,-72,17,-66)
RANGE (-53,-72,27,-22)
RANGE (-53,-72,40,-58)
RANGE (-53,-72,42,96)
RANGE (-53,-72,47,-94)
RANGE (-53,-72,47,-32)
RANGE (-53,-72,48,-18)
RANGE (-53,-72,51,86)
RANGE (-53,-72,63,-77)
RANGE (-53,-72,65,-65)
RANGE (-53,-72,67,-53)
RANGE (-53,-72,72,83)
RANGE (-53,-72,74,-35)
RANGE (-53,-72,75,-1)
RANGE (-53,-72,77,70)
RANGE (-53,-72,85,80)
RANGE (-53,-72,92,-47)
RANGE (-53,-72,92,28)
RANGE (-53,-72,93,-69)
RANGE (-53,-72,93,31)
RANGE (-53,-72,95,64)
RANGE (-53,-72,97,28)
RANGE (-42,86,-33,28)
RANGE (-42,86,-30,32)
RANGE (-42,86,-28,-89)
RANGE (-42,86,-23,19)
RANGE (-42,86,-21,42)
RANGE (-42,86,-19,-43)
RANGE (-42,86,-18,40)
RANGE (-42,86,-13,-99)
RANGE (-42,86,-13,-21)
RANGE (-42,86,-12,5)
RANGE (-42,86,-12,69)
RANGE (-42,86,-1,21)
RANGE (-42,86,3,-47)
RANGE (-42,86,14,41)
RANGE (-42,86,15,-9)
RANGE (-42,86,17,-66)
RANGE (-42,86,27,-22)
RANGE (-42,86,40,-58)
RANGE (-42,86,42,96)
RANGE (-42,86,47,-94)
RANGE (-42,86,47,-32)
RANGE (-42,86,48,-18)
RANGE (-42,86,51,86)
RANGE (-42,86,63,-77)
RANGE (-42,86,65,-65)
RANGE (-42,86,67,-53)
RANGE (-42,86,72,83)
RANGE (-42,86,74,-35)
RANGE (-42,86,75,-1)
RANGE (-42,86,77,70)
RANGE (-42,86,85,80)
RANGE (-42,86,92,-47)
RANGE (-42,86,92,28)
RANGE (-42,86,93,-69)
RANGE (-42,86,93,31)
RANGE (-42,86,95,64)
RANGE (-42,86,97,28)
RANGE (-33,28,-30,32)
RANGE (-33,28,-28,-89)
RANGE (-33,28,-23,19)
RANGE (-33,28,-21,42)
RANGE (-33,28,-19,-43)
RANGE (-33,28,-18,40)
RANGE (-33,28,-13,-99)
RANGE (-33,28,-13,-21)
RANGE (-33,28,-12,5)
RANGE (-33,28,-12,69)
RANGE (-33,28,-1,21)
RANGE (-33,28,3,-47)
RANGE (-33,28,14,41)
RANGE (-33,28,15,-9)
RANGE (-33,28,17,-66)
RANGE (-33,28,27,-22)
RANGE (-33,28,40,-58)
RANGE (-33,28,42,96)
RANGE (-33,28,47,-94)
RANGE (-33,28,47,-32)
RANGE (-33,28,48,-18)
RANGE (-33,28,51,86)
RANGE (-33,28,63,-77)
RANGE (-33,28,65,-65)
RANGE (-33,28,67,-53)
RANGE (-33,28,72,83)
RANGE (-33,28,74,-35)
RANGE (-33,28,75,-1)
RANGE (-33,28,77,70)
RANGE (-33,28,85,80)
RANGE (-33,28,92,-47)
RANGE (-33,28,92,28)
RANGE (-33,28,93,-69)
RANGE (-33,28,93,31)
RANGE (-33,28,95,64)
RANGE (-33,28,97,28)
RANGE (-30,32,-28,-89)
RANGE (-30,32,-23,19)
RANGE (-30,32,-21,42)
RANGE (-30,32,-19,-43)
RANGE (-30,32,-18,40)
RANGE (-30,32,-13,-99)
RANGE (-30,32,-13,-21)
RANGE (-30,32,-12,5)
RANGE (-30,32,-12,69)
RANGE (-30,32,-1,21)
RANGE (-30,32,3,-47)
RANGE (-30,32,14,41)
RANGE (-30,32,15,-9)
RANGE (-30,32,17,-66)
RANGE (-30,32,27,-22)
RANGE (-30,32,40,-58)
RANGE (-30,32,42,96)
RANGE (-30,32,47,-94)
RANGE (-30,32,47,-32)
RANGE (-30,32,48,-18)
RANGE (-30,32,51,86)
RANGE (-30,32,63,-77)
RANGE (-30,32,65,-65)
RANGE (-30,32,67,-53)
RANGE (-30,32,72,83)
RANGE (-30,32,74,-35)
RANGE (-30,32,75,-1)
RANGE (-30,32,77,70)
RANGE (-30,32,85,80)
RANGE (-30,32,92,-47)
RANGE (-30,32,92,28)
RANGE (-30,32,93,-69)
RANGE (-30,32,93,31)
RANGE (-30,32,95,64)
RANGE (-30,32,97,28)
RANGE (-28,-89,-23,19)
RANGE (-28,-89,-21,42)
RANGE (-28,-89,-19,-43)
RANGE (-28,-89,-18,40)
RANGE (-28,-89,-13,-99)
RANGE (-28,-89,-13,-21)
RANGE (-28,-89,-12,5)
RANGE (-28,-89,-12,69)
RANGE (-28,-89,-1,21)
RANGE (-28,-89,3,-47)
RANGE (-28,-89,14,41)
RANGE (-28,-89,15,-9)
RANGE (-28,-89,17,-66)
RANGE (-28,-89,27,-22)
RANGE (-28,-89,40,-58)
RANGE (-28,-89,42,96)
RANGE (-28,-89,47,-94)
RANGE (-28,-89,47,-32)
RANGE (-28,-89,48,-18)
RANGE (-28,-89,51,86)
RANGE (-28,-89,63,-77)
RANGE (-28,-89,65,-65)
RANGE (-28,-89,67,-53)
RANGE (-28,-89,72,83)
RANGE (-28,-89,74,-35)
RANGE (-28,-89,75,-1)
RANGE (-28,-89,77,70)
RANGE (-28,-89,85,80)
RANGE (-28,-89,92,-47)
RANGE (-28,-89,92,28)
RANGE (-28,-89,93,-69)
RANGE (-28,-89,93,31)
RANGE (-28,-89,95,64)
RANGE (-28,-89,97,28)
RANGE (-23,19,-21,42)
RANGE (-23,19,-19,-43)
RANGE (-23,19,-18,40)
RANGE (-23,19,-13,-99)
RANGE (-23,19,-13,-21)
RANGE (-23,19,-12,5)
RANGE (-23,19,-12,69)
RANGE (-23,19,-1,21)
RANGE (-23,19,3,-47)
RANGE (-23,19,14,41)
RANGE (-23,19,15,-9)
RANGE (-23,19,17,-66)
RANGE (-23,19,27,-22)
RANGE (-23,19,40,-58)
RANGE (-23,19,42,96)
RANGE (-23,19,47,-94)
RANGE (-23,19,47,-32)
RANGE (-23,19,48,-18)
RANGE (-23,19,51,86)
RANGE (-23,19,63,-77)
RANGE (-23,19,65,-65)
RANGE (-23,19,67,-53)
RANGE (-23,19,72,83)
RANGE (-23,19,74,-35)
RANGE (-23,19,75,-1)
RANGE (-23,19,77,70)
RANGE (-23,19,85,80)
RANGE (-23,19,92,-47)
RANGE (-23,19,92,28)
RANGE (-23,19,93,-69)
RANGE (-23,19,93,31)
RANGE (-23,19,95,64)
RANGE (-23,19,97,28)
RANGE (-21,42,-19,-43)
RANGE (-21,42,-18,40)
RANGE (-21,42,-13,-99)
RANGE (-21,42,-13,-21)
RANGE (-21,42,-12,5)
RANGE (-21,42,-12,69)
RANGE (-21,42,-1,21)
RANGE (-21,42,3,-47)
RANGE (-21,42,14,41)
RANGE (-21,42,15,-9)
RANGE (-21,42,17,-66)
RANGE (-21,42,27,-22)
RANGE (-21,42,40,-58)
RANGE (-21,42,42,96)
RANGE (-21,42,47,-94)
RANGE (-21,42,47,-32)
RANGE (-21,42,48,-18)
RANGE (-21,42,51,86)
RANGE (-21,42,63,-77)
RANGE (-21,42,65,-65)
RANGE (-21,42,67,-53)
RANGE (-21,42,72,83)
RANGE (-21,42,74,-35)
RANGE (-21,42,75,-1)
RANGE (-21,42,77,70)
RANGE (-21,42,85,80)
RANGE (-21,42,92,-47)
RANGE (-21,42,92,28)
RANGE (-21,42,93,-69)
RANGE (-21,42,93,31)
RANGE (-21,42,95,64)
RANGE (-21,42,97,28)
RANGE (-19,-43,-18,40)
RANGE (-19,-43,-13,-99)
RANGE (-19,-43,-13,-21)
RANGE (-19,-43,-12,5)
RANGE (-19,-43,-12,69)
RANGE (-19,-43,-1,21)
RANGE (-19,-43,3,-47)
RANGE (-19,-43,14,41)
RANGE (-19,-43,15,-9)
RANGE (-19,-43,17,-66)
RANGE (-19,-43,27,-22)
RANGE (-19,-43,40,-58)
RANGE (-19,-43,42,96)
RANGE (-19,-43,47,-94)
RANGE (-19,-43,47,-32)
RANGE (-19,-43,48,-18)
RANGE (-19,-43,51,86)
RANGE (-19,-43,63,-77)
RANGE (-19,-43,65,-65)
RANGE (-19,-43,67,-53)
RANGE (-19,-43,72,83)
RANGE (-19,-43,74,-35)
RANGE (-19,-43,75,-1)
RANGE (-19,-43,77,70)
RANGE (-19,-43,85,80)
RANGE (-19,-43,92,-47)
RANGE (-19,-43,92,28)
RANGE (-19,-43,93,-69)
RANGE (-19,-43,93,31)
RANGE (-19,-43,95,64)
RANGE (-19,-43,97,28)
RANGE (-18,40,-13,-99)
RANGE (-18,40,-13,-21)
RANGE (-18,40,-12,5)
RANGE (-18,40,-12,69)
RANGE (-18,40,-1,21)
RANGE (-18,40,3,-47)
RANGE (-18,40,14,41)
RANGE (-18,40,15,-9)
RANGE (-18,40,17,-66)
RANGE (-18,40,27,-22)
RANGE (-18,40,40,-58)
RANGE (-18,40,42,96)
RANGE (-18,40,47,-94)
RANGE (-18,40,47,-32)
RANGE (-18,40,48,-18)
RANGE (-18,40,51,86)
RANGE (-18,40,63,-77)
RANGE (-18,40,65,-65)
RANGE (-18,40,67,-53)
RANGE (-18,40,72,83)
RANGE (-18,40,74,-35)
RANGE (-18,40,75,-1)
RANGE (-18,40,77,70)
RANGE (-18,40,85,80)
RANGE (-18,40,92,-47)
RANGE (-18,40,92,28)
RANGE (-18,40,93,-69)
RANGE (-18,40,93,31)
RANGE (-18,40,95,64)
RANGE (-18,40,97,28)
RANGE (-13,-99,-13,-21)
RANGE (-13,-99,-12,5)
RANGE (-13,-99,-12,69)
RANGE (-13,-99,-1,21)
RANGE (-13,-99,3,-47)
RANGE (-13,-99,14,41)
RANGE (-13,-99,15,-9)
RANGE (-13,-99,17,-66)
RANGE (-13,-99,27,-22)
RANGE (-13,-99,40,-58)
RANGE (-13,-99,42,96)
RANGE (-13,-99,47,-94)
RANGE (-13,-99,47,-32)
RANGE (-13,-99,48,-18)
RANGE (-13,-99,51,86)
RANGE (-13,-99,63,-77)
RANGE (-13,-99,65,-65)
RANGE (-13,-99,67,-53)
RANGE (-13,-99,72,83)
RANGE (-13,-99,74,-35)
RANGE (-13,-99,75,-1)
RANGE (-13,-99,77,70)
RANGE (-13,-99,85,80)
RANGE (-13,-99,92,-47)
RANGE (-13,-99,92,28)
RANGE (-13,-99,93,-69)
RANGE (-13,-99,93,31)
RANGE (-13,-99,95,64)
RANGE (-13,-99,97,28)
RANGE (-13,-21,-12,5)
RANGE (-13,-21,-12,69)
RANGE (-13,-21,-1,21)
RANGE (-13,-21,3,-47)
RANGE (-13,-21,14,41)
RANGE (-13,-21,15,-9)
RANGE (-13,-21,17,-66)
RANGE (-13,-21,27,-22)
RANGE (-13,-21,40,-58)
RANGE (-13,-21,42,96)
RANGE (-13,-21,47,-94)
RANGE (-13,-21,47,-32)
RANGE (-13,-21,48,-18)
RANGE (-13,-21,51,86)
RANGE (-13,-21,63,-77)
RANGE (-13,-21,65,-65)
RANGE (-13,-21,67,-53)
RANGE (-13,-21,72,83)
RANGE (-13,-21,74,-35)
RANGE (-13,-21,75,-1)
RANGE (-13,-21,77,70)
RANGE (-13,-21,85,80)
RANGE (-13,-21,92,-47)
RANGE (-13,-21,92,28)
RANGE (-13,-21,93,-69)
RANGE (-13,-21,93,31)
RANGE (-13,-21,95,64)
RANGE (-13,-21,97,28)
RANGE (-12,5,-12,69)
RANGE (-12,5,-1,21)
RANGE (-12,5,3,-47)
RANGE (-12,5,14,41)
RANGE (-12,5,15,-9)
RANGE (-12,5,17,-66)
RANGE (-12,5,27,-22)
RANGE (-12,5,40,-58)
RANGE (-12,5,42,96)
RANGE (-12,5,47,-94)
RANGE (-12,5,47,-32)
RANGE (-12,5,48,-18)
RANGE (-12,5,51,86)
RANGE (-12,5,63,-77)
RANGE (-12,5,65,-65)
RANGE (-12,5,67,-53)
RANGE (-12,5,72,83)
RANGE (-12,5,74,-35)
RANGE (-12,5,75,-1)
RANGE (-12,5,77,70)
RANGE (-12,5,85,80)
RANGE (-12,5,92,-47)
RANGE (-12,5,92,28)
RANGE (-12,5,93,-69)
RANGE (-12,5,93,31)
RANGE (-12,5,95,64)
RANGE (-12,5,97,28)
RANGE (-12,69,-1,21)
RANGE (-12,69,3,-47)
RANGE (-12,69,14,41)
RANGE (-12,69,15,-9)
RANGE (-12,69,17,-66)
RANGE (-12,69,27,-22)
RANGE (-12,69,40,-58)
RANGE (-12,69,42,96)
RANGE (-12,69,47,-94)
RANGE (-12,69,47,-32)
RANGE (-12,69,48,-18)
RANGE (-12,69,51,86)
RANGE (-12,69,63,-77)
RANGE (-12,69,65,-65)
RANGE (-12,69,67,-53)
RANGE (-12,69,72,83)
RANGE (-12,69,74,-35)
RANGE (-12,69,75,-1)
RANGE (-12,69,77,70)
RANGE (-12,69,85,80)
RANGE (-12,69,92,-47)
RANGE (-12,69,92,28)
RANGE (-12,69,93,-69)
RANGE (-12,69,93,31)
RANGE (-12,69,95,64)
RANGE (-12,69,97,28)
RANGE (-1,21,3,-47)
RANGE (-1,21,14,41)
RANGE (-1,21,15,-9)
RANGE (-1,21,17,-66)
RANGE (-1,21,27,-22)
RANGE (-1,21,40,-58)
RANGE (-1,21,42,96)
RANGE (-1,21,47,-94)
RANGE (-1,21,47,-32)
RANGE (-1,21,48,-18)
RANGE (-1,21,51,86)
RANGE (-1,21,63,-77)
RANGE (-1,21,65,-65)
RANGE (-1,21,67,-53)
RANGE (-1,21,72,83)
RANGE (-1,21,74,-35)
RANGE (-1,21,75,-1)
RANGE (-1,21,77,70)
RANGE (-1,21,85,80)
RANGE (-1,21,92,-47)
RANGE (-1,21,92,28)
RANGE (-1,21,93,-69)
RANGE (-1,21,93,31)
RANGE (-1,21,95,64)
RANGE (-1,21,97,28)
RANGE (3,-47,14,41)
RANGE (3,-47,15,-9)
RANGE (3,-47,17,-66)
RANGE (3,-47,27,-22)
RANGE (3,-47,40,-58)
RANGE (3,-47,42,96)
RANGE (3,-47,47,-94)
RANGE (3,-47,47,-32)
RANGE (3,-47,48,-18)
RANGE (3,-47,51,86)
RANGE (3,-47,63,-77)
RANGE (3,-47,65,-65)
RANGE (3,-47,67,-53)
RANGE (3,-47,72,83)
RANGE (3,-47,74,-35)
RANGE (3,-47,75,-1)
RANGE (3,-47,77,70)
RANGE (3,-47,85,80)
RANGE (3,-47,92,-47)
RANGE (3,-47,92,28)
RANGE (3,-47,93,-69)
RANGE (3,-47,93,31)
RANGE (3,-47,95,64)
RANGE (3,-47,97,28)
RANGE (14,41,15,-9)
RANGE (14,41,17,-66)
RANGE (14,41,27,-22)
RANGE (14,41,40,-58)
RANGE (14,41,42,96)
RANGE (14,41,47,-94)
RANGE (14,41,47,-32)
RANGE (14,41,48,-18)
RANGE (14,41,51,86)
RANGE (14,41,63,-77)
RANGE (14,41,65,-65)
RANGE (14,41,67,-53)
RANGE (14,41,72,83)
RANGE (14,41,74,-35)
RANGE (14,41,75,-1)
RANGE (14,41,77,70)
RANGE (14,41,85,80)
RANGE (14,41,92,-47)
RANGE (14,41,92,28)
RANGE (14,41,93,-69)
RANGE (14,41,93,31)
RANGE (14,41,95,64)
RANGE (14,41,97,28)
RANGE (15,-9,17,-66)
RANGE (15,-9,27,-22)
RANGE (15,-9,40,-58)
RANGE (15,-9,42,96)
RANGE (15,-9,47,-94)
RANGE (15,-9,47,-32)
RANGE (15,-9,48,-18)
RANGE (15,-9,51,86)
RANGE (15,-9,63,-77)
RANGE (15,-9,65,-65)
RANGE (15,-9,67,-53)
RANGE (15,-9,72,83)
RANGE (15,-9,74,-35)
RANGE (15,-9,75,-1)
RANGE (15,-9,77,70)
RANGE (15,-9,85,80)
RANGE (15,-9,92,-47)
RANGE (15,-9,92,28)
RANGE (15,-9,93,-69)
RANGE (15,-9,93,31)
RANGE (15,-9,95,64)
RANGE (15,-9,97,28)
RANGE (17,-66,27,-22)
RANGE (17,-66,40,-58)
RANGE (17,-66,42,96)
RANGE (17,-66,47,-94)
RANGE (17,-66,47,-32)
RANGE (17,-66,48,-18)
RANGE (17,-66,51,86)
RANGE (17,-66,63,-77)
RANGE (17,-66,65,-65)
RANGE (17,-66,67,-53)
RANGE (17,-66,72,83)
RANGE (17,-66,74,-35)
RANGE (17,-66,75,-1)
RANGE (17,-66,77,70)
RANGE (17,-66,85,80)
RANGE (17,-66,92,-47)
RANGE (17,-66,92,28)
RANGE (17,-66,93,-69)
RANGE (17,-66,93,31)
RANGE (17,-66,95,64)
RANGE (17,-66,97,28)
RANGE (27,-22,40,-58)
RANGE (27,-22,42,96)
RANGE (27,-22,47,-94)
RANGE (27,-22,47,-32)
RANGE (27,-22,48,-18)
RANGE (27,-22,51,86)
RANGE (27,-22,63,-77)
RANGE (27,-22,65,-65)
RANGE (27,-22,67,-53)
RANGE (27,-22,72,83)
RANGE (27,-22,74,-35)
RANGE (27,-22,75,-1)
RANGE (27,-22,77,70)
RANGE (27,-22,85,80)
RANGE (27,-22,92,-47)
RANGE (27,-22,92,28)
RANGE (27,-22,93,-69)
RANGE (27,-22,93,31)
RANGE (27,-22,95,64)
RANGE (27,-22,97,28)
RANGE (40,-58,42,96)
RANGE (40,-58,47,-94)
RANGE (40,-58,47,-32)
RANGE (40,-58,48,-18)
RANGE (40,-58,51,86)
RANGE (40,-58,63,-77)
RANGE (40,-58,65,-65)
RANGE (40,-58,67,-53)
RANGE (40,-58,72,83)
RANGE (40,-58,74,-35)
RANGE (40,-58,75,-1)
RANGE (40,-58,77,70)
RANGE (40,-58,85,80)
RANGE (40,-58,92,-47)
RANGE (40,-58,92,28)
RANGE (40,-58,93,-69)
RANGE (40,-58,93,31)
RANGE (40,-58,95,64)
RANGE (40,-58,97,28)
RANGE (42,96,47,-94)
RANGE (42,96,47,-32)
RANGE (42,96,48,-18)
RANGE (42,96,51,86)
RANGE (42,96,63,-77)
RANGE (42,96,65,-65)
RANGE (42,96,67,-53)
RANGE (42,96,72,83)
RANGE (42,96,74,-35)
RANGE (42,96,75,-1)
RANGE (42,96,77,70)
RANGE (42,96,85,80)
RANGE (42,96,92,-47)
RANGE (42,96,92,28)
RANGE (42,96,93,-69)
RANGE (42,96,93,31)
RANGE (42,96,95,64)
RANGE (42,96,97,28)
RANGE (47,-94,47,-32)
RANGE (47,-94,48,-18)
RANGE (47,-94,51,86)
RANGE (47,-94,63,-77)
RANGE (47,-94,65,-65)
RANGE (47,-94,67,-53)
RANGE (47,-94,72,83)
RANGE (47,-94,74,-35)
RANGE (47,-94,75,-1)
RANGE (47,-94,77,70)
RANGE (47,-94,85,80)
RANGE (47,-94,92,-47)
RANGE (47,-94,92,28)
RANGE (47,-94,93,-69)
RANGE (47,-94,93,31)
RANGE (47,-94,95,64)
RANGE (47,-94,97,28)
RANGE (47,-32,48,-18)
RANGE (47,-32,51,86)
RANGE (47,-32,63,-77)
RANGE (47,-32,65,-65)
RANGE (47,-32,67,-53)
RANGE (47,-32,72,83)
RANGE (47,-32,74,-35)
RANGE (47,-32,75,-1)
RANGE (47,-32,77,70)
RANGE (47,-32,85,80)
RANGE (47,-32,92,-47)
RANGE (47,-32,92,28)
RANGE (47,-32,93,-69)
RANGE (47,-32,93,31)
RANGE (47,-32,95,64)
RANGE (47,-32,97,28)
RANGE (48,-18,51,86)
RANGE (48,-18,63,-77)
RANGE (48,-18,65,-65)
RANGE (48,-18,67,-53)
RANGE (48,-18,72,83)
RANGE (48,-18,74,-35)
RANGE (48,-18,75,-1)
RANGE (48,-18,77,70)
RANGE (48,-18,85,80)
RANGE (48,-18,92,-47)
RANGE (48,-18,92,28)
RANGE (48,-18,93,-69)
RANGE (48,-18,93,31)
RANGE (48,-18,95,64)
RANGE (48,-18,97,28)
RANGE (51,86,63,-77)
RANGE (51,86,65,-65)
RANGE (51,86,67,-53)
RANGE (51,86,72,83)
RANGE (51,86,74,-35)
RANGE (51,86,75,-1)
RANGE (51,86,77,70)
RANGE (51,86,85,80)
RANGE (51,86,92,-47)
RANGE (51,86,92,28)
RANGE (51,86,93,-69)
RANGE (51,86,93,31)
RANGE (51,86,95,64)
RANGE (51,86,97,28)
RANGE (63,-77,65,-65)
RANGE (63,-77,67,-53)
RANGE (63,-77,72,83)
RANGE (63,-77,74,-35)
RANGE (63,-77,75,-1)
RANGE (63,-77,77,70)
RANGE (63,-77,85,80)
RANGE (63,-77,92,-47)
RANGE (63,-77,92,28)
RANGE (63,-77,93,-69)
RANGE (63,-77,93,31)
RANGE (63,-77,95,64)
RANGE (63,-77,97,28)
RANGE (65,-65,67,-53)
RANGE (65,-65,72,83)
RANGE (65,-65,74,-35)
RANGE (65,-65,75,-1)
RANGE (65,-65,77,70)
RANGE (65,-65,85,80)
RANGE (65,-65,92,-47)
RANGE (65,-65,92,28)
RANGE (65,-65,93,-69)
RANGE (65,-65,93,31)
RANGE (65,-65,95,64)
RANGE (65,-65,97,28)
RANGE (67,-53,72,83)
RANGE (67,-53,74,-35)
RANGE (67,-53,75,-1)
RANGE (67,-53,77,70)
RANGE (67,-53,85,80)
RANGE (67,-53,92,-47)
RANGE (67,-53,92,28)
RANGE (67,-53,93,-69)
RANGE (67,-53,93,31)
RANGE (67,-53,95,64)
RANGE (67,-53,97,28)
RANGE (72,83,74,-35)
RANGE (72,83,75,-1)
RANGE (72,83,77,70)
RANGE (72,83,85,80)
RANGE (72,83,92,-47)
RANGE (72,83,92,28)
RANGE (72,83,93,-69)
RANGE (72,83,93,31)
RANGE (72,83,95,64)
RANGE (72,83,97,28)
RANGE (74,-35,75,-1)
RANGE (74,-35,77,70)
RANGE (74,-35,85,80)
RANGE (74,-35,92,-47)
RANGE (74,-35,92,28)
RANGE (74,-35,93,-69)
RANGE (74,-35,93,31)
RANGE (74,-35,95,64)
RANGE (74,-35,97,28)
RANGE (75,-1,77,70)
RANGE (75,-1,85,80)
RANGE (75,-1,92,-47)
RANGE (75,-1,92,28)
RANGE (75,-1,93,-69)
RANGE (75,-1,93,31)
RANGE (75,-1,95,64)
RANGE (75,-1,97,28)
RANGE (77,70,85,80)
RANGE (77,70,92,-47)
RANGE (77,70,92,28)
RANGE (77,70,93,-69)
RANGE (77,70,93,31)
RANGE (77,70,95,64)
RANGE (77,70,97,28)
RANGE (85,80,92,-47)
RANGE (85,80,92,28)
RANGE (85,80,93,-69)
RANGE (85,80,93,31)
RANGE (85,80,95,64)
RANGE (85,80,97,28)
RANGE (92,-47,92,28)
RANGE (92,-47,93,-69)
RANGE (92,-47,93,31)
RANGE (92,-47,95,64)
RANGE (92,-47,97,28)
RANGE (92,28,93,-69)
RANGE (92,28,93,31)
RANGE (92,28,95,64)
RANGE (92,28,97,28)
RANGE (93,-69,93,31)
RANGE (93,-69,95,64)
RANGE (93,-69,97,28)
RANGE (93,31,95,64)
RANGE (93,31,97,28)
RANGE (95,64,97,28)
